2356
8965
8745
1234
5753
5723
5789
5111
1111
1111
1111
1112
2222
2222
2222
2222
2333
3333
3333
3333
3444
4444
4444
4444
4455
5555
5555
5555
5566
6666
6666
6666
6667
7777
7777
7777
7778
8888
8888
8888
8889
9999
9999
9999
9999
0000
0000
0000
0000
1020
3030
1010
1010
2020
2020
3030
3030
4040
4040
5050
5050
6060
6060
7070
7070
7080
8080
8090
9090
9080
8080
8080
8080
8070
7070
7070
0909
0909
0808
0770
8090
9090
8123
4567
8908
7451
2357
4159
8635
7412
3587
5312
3452
3456
9807
8098
0980
7807
4578
5698
5698
5632
1452
3578
0987
5321
5987
5321
5987
5321
5987
5312
1598
7535
7895
1235
7895
1235
7895
1235
7895
1235
7895
1235
7895
1235
7895
1235
7895
1214
7852
3698
5214
7852
3698
5214
7852
3698
5214
7852
3698
5214
7852
3698
5214
7852
3698
7456
3214
5698
7070
8050
6091
4121
3141
4151
6171
8191
0121
5131
4216
9141
7181
9151
2151
3151
3141
7151
7151
7175
1717
8181
8171
9915
1317
1916
1719
1471
5912
3457
8242
1232
4252
6272
8292
0241
4141
4141
5151
5151
2121
2121
3131
3131
4141
1415
1515
1516
1616
1619
1919
1918
1818
1817
1717
1710
1010
1010
2421
2121
2123
2323
2324
2424
2425
2525
2526
2626
2627
2772
7272
8282
8282
9292
9292
0202
0202
0203
4343
1323
4353
6373
8393
0323
2323
1313
1332
3234
3434
3353
3353
5363
6363
6373
7373
7373
8383
8383
8383
9393
9393
9383
9383
9383
0304
1414
2424
2424
2424
3434
3434
3454
5454
5454
5454
5464
6464
6464
6464
6464
6464
6464
6464
6464
7474
7474
7474
8484
9494
9494
0404
0404
0141
7141
4414
2434
5647
4747
4848
4849
4949
4940
4040
4040
4040
5151
5151
5151
5253
5252
5353
5353
5353
5356
5656
5656
5757
5757
5757
5757
5758
5858
5859
5959
5950
5050
5050
5050
1616
2636
1626
3616
2636
1626
3616
2636
4646
4646
6656
5656
5656
5656
5656
7676
7676
7676
8686
8686
8686
8686
8696
9696
9696
9696
9606
0606
0606
0005
2352
3545
7575
7585
8585
9595
9565
3571
5952
3546
5478
5357
8908
0808
6547
8965
4789
6321
4523
5789
5123
5789
5123
5789
5123
5789
5321
4595
9191
9191
9191
9192
9292
9929
2929
2939
3939
3939
4949
4949
4949
5959
5959
5959
6969
6969
6969
7979
7979
7979
8989
8989
8989
0909
0909
0909
0909
0901
0102
0203
0303
0302
0202
0201
0101
0101
0202
0303
0303
0304
0404
0505
0505
0606
0607
0887
4563
2527
8924
3798
6314
6987
4320
9456
8723
6075
6891
3570
8745
3670
9123
5780
4632
1956
3245
7563
2568
9541
2452
3578
9563
2541
2453
5698
7541
2435
6987
5757
4123
4569
8741
2589
6325
8741
2589
6325
8741
2589
6325
8741
2589
6123
7891
3790
1032
4655
3333
3332
2289
8708
9841
3735
9050
1246
8953
7123
5809
1735
4237
0103
0567
0485
2354
6789
2354
6789
2345
6701
8203
2456
9875
7230
1710
8152
3467
9058
9632
4578
9085
6985
6345
7898
0784
5785
4523
6547
8908
7234
5698
5712
3456
7890
8780
4578
9653
2123
4567
8908
3235
4127
2729
2050
5708
0452
3654
7582
3534
8034
1341
2657
4158
0985
6371
2395
4516
8074
2435
6985
7124
3578
9652
3541
2458
9080
8060
5054
1230
5784
2013
5549
0765
2380
5234
5087
4574
1236
9585
3214
5789
6584
5785
4512
3569
8545
7854
5123
5698
5457
8124
5235
6985
8457
8124
5235
2587
4121
2345
6985
7457
8547
5845
7412
4352
4575
7685
9592
6235
2123
5250
2580
8525
8085
2580
8525
8085
2580
8525
8085
2580
7414
7074
1470
7414
7085
2369
0963
6901
2356
5874
5712
4359
8087
8457
2357
8951
2354
2354
5685
1598
7080
5040
3020
1040
0605
0708
0904
0102
0308
5698
5478
5123
6556
3256
9853
5741
2547
8908
0878
4578
5452
3652
3535
2414
2435
2435
5757
5858
5959
6857
0570
7048
5926
1526
4826
7048
2659
1010
3710
3716
3571
6492
7165
0401
6345
0514
2437
5017
3050
1618
0147
2457
3572
4268
4248
6248
6248
6248
6248
6248
6248
6248
6553
1793
1793
1793
1793
1793
1793
2450
8074
1236
9805
0423
5808
6245
0865
2314
5782
3569
5805
4785
2354
1269
5341
9273
7193
7193
7191
9371
9371
9372
4805
6852
3545
7856
9856
9856
9852
3564
5214
5785
6984
2352
3569
8152
3457
8568
9080
7045
7856
8965
9845
8748
7452
4523
1245
2569
8534
6790
4054
6456
7891
2345
6789
9876
5432
1472
5836
9147
2583
6912
3456
7890
8521
4785
2369
8521
4785
2369
8521
4770
7070
7078
7878
7879
7979
7975
3214
5698
7456
3214
5698
7451
2345
6985
2147
8523
6589
8563
2142
4242
4353
5375
7571
2435
7159
6357
4159
2354
1235
4658
7098
7545
1243
5715
9123
4567
8908
7845
7124
2345
6789
0875
4123
4565
7856
9888
8888
8888
8888
8888
8888
8888
8888
8888
8888
8222
4115
2356
9856
5234
5678
9234
2424
1698
5324
5780
7809
0809
8980
8908
7451
2356
9854
7890
8547
8541
5234
5698
7450
4050
5623
4567
8905
1231
1456
8789
8587
9235
6587
4512
3456
5715
9234
6908
0460
2379
5416
2345
7804
5060
2134
5678
0102
3060
9050
4202
0306
0905
0704
0802
0103
0402
0506
0807
0708
0902
0305
0405
0609
0807
0401
0203
0609
0504
0102
0305
0609
0708
0501
0203
0609
0708
0512
3425
2452
4524
6729
4671
6958
4231
2456
8137
9467
2947
6913
7452
3526
8112
3561
2358
9423
3111
1236
1478
1254
3598
0193
1793
1397
1937
1739
1793
5717
3951
4147
8965
3258
7413
6910
8965
7324
1723
5689
0898
7108
5321
4567
8098
7541
2378
9086
2354
2354
5689
8087
8010
2030
2457
8965
8235
4654
7890
8070
4050
3060
9856
2354
6789
0875
4782
1423
5758
6652
5412
3541
2435
4569
8098
7547
8523
6597
5658
7451
2354
7890
8532
2456
8908
0708
0504
2457
8965
3574
5235
4578
9808
7545
2354
5657
8980
7875
4785
4235
2125
5523
5457
5768
5819
1924
5735
7581
9595
9262
6484
8256
3251
2452
3578
0980
8780
4578
9658
2354
1254
6790
8574
5789
8058
1234
5785
9262
6361
5247
8451
9195
2458
7457
8568
5985
6859
4243
5352
6251
5484
7481
5924
5357
5859
5658
2451
3575
4859
5652
3547
8889
6623
1456
8574
7454
7596
5892
4235
7159
2645
8657
8895
6885
4785
4785
4545
7854
7584
7584
7584
7514
5235
4124
2435
5758
5859
5959
5235
4125
4124
2453
6874
5235
4786
5478
5235
7852
3578
5235
7852
3578
1265
1265
1578
6578
6523
6542
3542
3542
3548
9516
7249
3493
4934
9349
6716
7349
1673
4916
7349
1671
6716
7349
3493
4916
7167
1673
4934
9349
4864
8624
2624
2624
2624
8512
3456
8985
6854
7854
1244
5658
7809
8087
5423
5456
8578
9080
7845
2354
5123
5424
7582
8269
5159
2354
6457
8080
9050
2039
5145
7235
7809
8560
6010
5020
3059
4269
8426
8426
8415
9159
3571
4862
4862
4862
4865
1379
8508
9135
7951
3579
5713
5795
7135
7957
1357
1579
5315
7523
5456
7898
0857
4124
3579
5324
1356
9856
5874
5235
6965
2379
1371
3010
6624
1357
9082
1973
4604
1705
3214
5980
7321
5698
5742
3709
5135
7951
2357
8426
0574
3579
0563
4780
2405
6987
0305
1234
5040
5879
0840
2035
1237
5896
5423
5780
9856
3245
8045
0470
2389
6519
1919
1923
7737
3732
4802
6802
5809
8753
2145
6985
7457
1245
7235
6789
8087
8745
2547
8569
8569
8545
7856
9852
4357
2453
5756
8595
0512
3737
0191
9282
4235
6235
2321
2569
8565
8965
2354
2156
9857
4423
5415
6985
7482
3546
9847
8569
8547
8569
5845
8695
8745
8741
9161
5181
7165
1756
8908
7852
3515
6985
7412
5442
3569
8542
3478
5690
0000
0000
0808
7080
7070
7008
0808
0809
0909
0900
5050
5050
5050
5040
4040
4040
4040
4060
6060
6060
6060
6030
3303
0303
0303
0202
0202
0220
2020
2101
1010
1101
0107
0707
0809
0909
0808
0807
0707
0885
8181
8181
8282
8282
8383
8383
8484
8484
8585
8585
8686
8686
8787
8787
8989
8989
8989
8989
2423
5452
3578
9580
5423
5789
0856
3456
9852
1691
9191
9243
5780
4124
3571
5962
4825
8741
2587
4125
8741
3698
5236
9852
3641
2365
4123
6541
2365
4123
6445
6987
4569
8745
6987
4569
8745
6987
4569
8235
6985
6854
5785
2354
5235
4568
5965
8754
5124
5235
6958
0780
9805
0402
0302
4512
3695
8745
2354
1235
1695
8478
5123
5468
5478
5456
9587
4587
4512
3658
9658
7451
2354
5698
5415
9235
4685
4785
4569
8547
8547
8545
6985
4578
5424
5356
9854
7854
8191
9191
9253
6852
4753
6895
6325
4923
5698
5658
2452
1236
5245
7852
3658
9651
5962
4535
7865
2695
1489
5126
3524
5698
5447
7443
8858
5838
3838
3838
2828
2828
2828
2828
2828
2828
2996
9696
9696
9696
9393
9393
9393
9393
9292
9292
9292
2929
1919
1919
1919
1919
4949
4949
4949
4949
7979
7979
7799
7235
