2354
5235
4235
4789
0880
9804
0406
0601
0102
0203
0303
0202
0201
0103
0609
0508
0407
8457
8545
8741
2345
6987
5321
4578
9653
2453
2354
6789
0878
5478
5412
3545
6987
5478
5451
2354
6545
7869
8568
6985
6985
6985
6985
6985
6985
6985
6985
6985
6569
8563
2124
5786
5689
8087
8085
3523
5412
4575
7575
7575
7575
7575
7524
2424
2424
2424
2241
5151
5151
5151
1151
5262
6262
6262
6262
6262
6262
6335
3535
3335
3535
5757
5757
5757
5484
4848
4880
8080
8080
8080
8080
9090
9090
9090
8001
0101
0102
0202
0203
0303
0304
0404
0405
0505
0506
0606
0607
0707
0708
0808
0809
0909
0912
1212
1213
1313
1314
1414
1415
1515
1516
1616
1617
1717
1718
1818
1819
1919
1910
1010
1021
2121
2122
2222
2223
2323
2324
2424
2427
2727
2728
2828
2222
6262
6292
9292
9525
8252
8520
2020
2373
7373
4345
6798
0853
5735
7373
7372
4243
5737
3737
2424
3573
5159
1593
5735
7159
2580
5845
4542
4241
4356
8708
9087
8547
8535
1246
7890
8785
3215
6980
8745
2357
8908
5687
4572
3578
9087
8536
9841
5780
9878
5352
3512
3545
7868
9084
9496
7675
7574
8484
2424
2151
5353
2424
2151
5159
8686
5785
0983
7375
7512
7535
6890
8908
6857
3572
4357
3572
4159
3578
5632
4536
8754
7519
5357
8952
3571
5698
0878
4235
7890
8909
1924
5357
8908
9085
3574
5357
8908
5365
4415
1519
1919
1616
1616
7895
6816
8079
8078
7423
7807
9536
9636
9280
5828
0582
1471
4714
7147
1425
8147
2536
9856
7676
5805
8014
7258
3698
0852
5812
3456
7535
7890
8785
6874
5123
5789
0878
0985
3577
4512
3578
9085
6879
8563
5789
0808
4809
8657
2457
3578
5698
5698
5623
5412
3545
7856
9857
4578
1245
7235
6895
6086
5745
7856
8545
7856
8980
1234
5678
9087
8457
8235
4567
8908
0908
0780
9890
8574
5785
6895
6823
5412
3457
5689
5689
0807
8457
8235
4567
8908
7890
8780
9878
9087
8908
7809
5685
6235
4567
8923
5412
3456
7851
2354
5289
1529
1231
4691
9019
0817
0901
9562
3169
8534
5718
0987
5356
9525
4246
2927
2123
4567
8980
8980
9852
3523
4512
3545
6789
0898
0980
9809
8098
0980
9890
8908
9089
0575
3574
2124
5357
8689
0857
4578
5475
1596
2357
8908
9870
8784
5789
0856
7567
8545
7124
3571
5956
2354
5685
4785
6985
6985
6985
6985
6985
6985
6985
6236
5236
5236
5236
5125
4125
4125
4125
4125
4125
4125
4125
4457
4587
4587
4587
2365
2365
2345
2316
1568
9156
8916
5891
5457
8169
8572
3545
6890
8785
6235
4587
4578
0981
2345
6857
5757
5755
8585
8885
5555
5555
5555
5555
0000
0000
0000
0000
0007
7777
7777
7777
7777
7999
9999
9999
9999
9988
8888
8888
8888
8886
6666
6666
6666
6666
6555
5555
5555
5555
5533
3333
3333
3333
3333
2222
2222
2222
2222
2235
6985
6321
2354
2354
6895
6874
5781
2354
5698
5685
2351
2345
2354
5785
6895
6895
6895
6894
5785
1235
4235
4612
3457
8087
5412
3698
5685
2354
5127
2727
2727
2141
4141
1141
4191
9191
9191
1919
1990
8080
8080
8080
8080
8080
8080
8080
8080
8707
0707
0707
0707
0707
0909
0909
0909
0909
0909
8585
8585
8585
8585
8585
8585
8585
8585
8585
4848
4848
4848
4848
4845
9595
9595
9595
9595
9586
8686
8686
8686
8686
8682
4242
4242
4242
4241
6161
6195
2353
2727
2727
2729
2929
2929
2692
5896
2523
5896
2589
6345
6985
2369
8523
6589
6545
6789
0852
3698
0785
4123
6547
8908
9874
5632
1456
9870
7896
5412
3456
9853
5377
5357
5315
9515
9357
1593
5715
9357
1593
5715
9535
7159
3574
2356
8524
2424
2421
5151
5151
5175
3575
3575
3571
4235
7869
8078
5357
4575
3523
5789
0898
0890
9511
4523
5687
0898
5635
4235
6985
3512
4537
5689
5689
7809
8098
0980
9809
8098
0586
8351
2345
6859
5687
5425
3212
5343
5678
9231
2452
3565
8965
8753
5424
2424
2727
2825
8515
1525
2525
3535
3535
4545
4545
6565
6565
7575
7575
8585
8585
9595
9595
9595
9595
9595
9595
9505
0505
0505
0505
0505
0505
0505
4141
4141
4141
4242
4242
4244
3343
4343
4343
4545
4545
4545
4646
4646
4646
4747
4747
4747
4748
4848
4848
4848
4849
4949
4949
4949
4949
4940
4040
4040
4040
4040
4056
1616
1616
2626
2626
3636
3636
4646
4646
4646
6565
6656
5656
5667
6767
6767
6868
6868
6868
6969
6969
6969
6060
6000
0606
0671
1717
1717
1717
1727
2727
2727
2727
2737
3737
3737
3737
3747
4747
4747
4747
4747
5757
5757
5757
5757
5757
6767
6767
6767
6767
6787
8787
8787
8787
7879
7979
7979
7979
7979
7070
7070
7070
7070
8181
8118
1818
1882
8282
8828
2828
2828
3838
3838
3838
3838
4848
4848
4848
4848
4848
5858
5858
5858
5858
5868
6868
6868
6868
6878
7878
7878
7878
7878
9898
9898
9899
9898
0808
0808
0808
0808
0891
9191
9191
9192
9292
9292
9292
9292
9292
9292
9393
9393
9393
9393
9494
9494
9494
9494
9595
9595
9595
9595
9596
9696
9696
9696
9696
9697
9797
9797
9797
9797
9997
9989
9899
9090
9090
9090
9090
9099
9999
9999
9999
9999
9000
0000
0000
0000
0088
8888
8888
8888
8887
7777
7777
7777
7777
7766
6666
6666
6666
6666
6555
5555
5555
5555
5544
4444
4444
4444
4442
2222
2222
2222
2222
3333
3333
3333
3333
3311
1111
1111
1111
1111
2357
5751
2424
1512
4575
1234
5698
7531
2569
8509
1912
4737
1569
8085
3419
1924
3759
5191
9632
1345
6952
1235
2354
1257
8908
0908
0808
6886
8583
5712
4573
5785
6985
6985
4212
4352
3565
6565
6523
4567
8523
4521
2356
1243
5689
5685
7424
2424
3573
5735
7357
2424
1595
1595
3575
3571
5951
5925
8258
3571
5915
9357
1471
2336
9987
4123
6987
4125
4125
4124
7863
2478
6321
4896
2148
9621
4535
0505
0505
7896
5412
3654
7890
8741
2852
5896
3258
7412
3698
5694
1237
5683
